3784
3786
3787
3791
3804
3805
3848
3884
3891
3892
3895
3900
3902
3912
3916
3921
3923
3951
3992
3995
3997
3998
3999
4003
4009
4010
4015
4017
4018
4040
4059
4073
4074
4091
4094
4095
4097
4116
4123
4142
4152
4157
4161
4166
4171
4173
4175
4177
4198
4226
4236
4244
4249
4257
4258
4265
4273
4298
4300
4302
4310
4314
4348
4350
4356
4365
4366
4373
4386
4387
4403
4422
4440
4447
4450
4462
4466
4498
4501
4503
4504
4510
4512
4525
4528
4544
4558
4560
4571
4595
4597
4599
4605
4620
4633
4649
4650
4651
4656
4662
4686
4688
4692
4707
4717
4720
4739
4767
4777
4793
4805
4806
4812
4815
4819
4827
4830
4831
4833
4836
4861
4865
4877
4881
4887
4906
4913
4927
4944
4954
4973
4980
4991
5013
5014
5015
5022
5047
5056
5057
5118
5120
5122
5143
5197
5221
5230
5253
5255
5265
5268
5270
5277
5284
5313
5339
5349
5352
5356
5360
5364
5381
5401
5409
5433
5441
5451
5457
5471
5483
5487
5489
5526
5531
5533
5539
5543
5549
5553
5558
5566
5619
5658
5660
5679
5680
5689
5699
5709
5717
5723
5743
5744
5748
5757
5797
5802
5857
5865
5871
5873
5899
5912
5916
5978
5988
6006
6007
6015
6026
6031
6034
6037
6040
6048
6052
6060
6074
6076
6078
6079
6085
6092
6104
6108
6129
6142
6148
6154
6155
6156
6162
6172
6176
6181
6189
6201
6223
6238
6246
6254
6284
6306
6308
6310
6315
6317
6320
6331
6334
6345
6365
6373
6381
6385
6456
6463
6468
6507
6509
6522
6527
6532
6551
6559
6567
6568
6575
6580
6589
6605
6606
6607
6619
6642
6646
6650
6653
6657
6674
6681
6696
6755
6756
6759
6762
6766
6797
6815
6817
6835
6849
6857
6868
6870
6877
6879
6881
6883
6890
6899
6933
6934
6938
6945
6971
6974
6982
6984
6985
6988
6992
7002
7006
7043
7048
7070
7071
7089
7193
7214
7227
7274
7281
7283
7286
7289
7297
7312
7315
7316
7320
7343
7344
7359
7370
7388
7402
7407
7408
7429
7437
7459
7474
7484
7491
7506
7541
7545
7550
7567
7592
7594
7598
7607
7649
7652
7664
7670
7732
7755
7762
7774
7775
7818
7821
7823
7831
7849
7850
7858
7861
7893
7911
7914
7917
7918
7927
7931
7947
7964
7983
7986
7988
7989
8012
8015
8019
8053
8058
8062
8068
8071
8072
8079
8081
8102
8109
8111
8115
8124
8131
8133
8141
8157
8163
8165
8174
8178
8184
8190
8192
8223
8229
8259
8260
8270
8272
8273
8285
8291
8304
8305
8310
8321
8326
8365
8406
8413
8431
8433
8437
8465
8467
8468
8478
8479
8524
8525
8556
8560
8568
8577
8578
8604
8606
8615
8626
8629
8632
8637
8645
8656
8668
8672
8709
8719
8737
8759
8797
8801
8859
8872
8880
8896
8903
8913
8916
8936
8944
8947
8949
8992
9027
9040
9041
9045
9054
9080
9100
9118
9154
9178
9184
9193
9198
9237
9247
9249
9250
9252
9255
9261
9276
9277
9308
9322
9338
9351
9353
9354
9359
9368
9369
9393
9399
9420
9437
9470
9482
9489
9514
9535
9555
9557
9569
9580
9587
9594
9597
9600
9623
9629
9635
9672
9674
9678
9701
9703
9712
9790
9805
9809
9810
9821
9856
9859
9888
9894
9927
9940
9943
9979
9991
10020
10036
10048
10060
10061
10068
10102
10106
10113
10121
10124
10188
10190
10213
10227
10228
10303
10306
10321
10328
10334
10348
10349
10352
10372
10383
10399
10403
10416
10422
10464
10482
10485
10486
10489
10508
10513
10516
10546
10562
10572
10603
10615
10655
10710
10718
10722
10759
10788
10793
10800
10836
10839
10840
10848
10851
10873
10877
10879
10886
10902
10925
10948
10949
10980
10984
11023
11030
11035
11041
11056
11065
11078
11105
11114
11121
11126
11130
11133
11169
11193
11201
11218
11230
11234
11245
11285
11286
11292
11294
11325
11367
11374
11376
11391
11400
11409
11415
11464
11465
11474
11485
11488
11495
11499
11503
11542
11544
11574
11576
11584
11589
11591
11595
11605
11620
11647
11657
11667
11679
11690
11694
11729
11747
11770
11787
11788
11800
11807
11810
11812
11829
11830
11844
11856
11858
11875
11914
11915
11930
11982
12000
12008
12026
12060
12076
12078
12083
12086
12093
12117
12118
12132
12135
12144
12166
12200
12202
12209
12217
12220
12237
12243
12244
12257
12300
12303
12309
12319
12345
12350
12369
12372
12390
12400
12423
12452
12453
12462
12477
12485
12494
12521
12527
12533
12557
12570
12591
12596
12604
12606
12614
12622
12630
12639
12663
12682
12686
12693
12694
12701
12703
12712
12713
12770
12795
12798
12802
12812
12818
12819
12829
12840
12842
12844
12862
12863
12871
12879
12887
12897
12968
12972
12987
12993
13002
13004
13006
13010
13017
13024
13041
13042
13045
13048
13066
13067
13136
13148
13167
13201
13206
13211
13214
13239
13247
13253
13269
13274
13288
13289
13319
13325
13335
13356
13359
13365
13406
13415
13418
13438
13449
13452
13456
13490
13514
13518
13530
13532
13546
13548
13552
13559
13567
13579
13602
13629
13640
13651
13653
13689
13698
13699
13710
13713
13727
13735
13740
13763
13766
13771
13795
13800
13804
13806
13807
13810
13840
13851
13853
13862
13871
13879
13926
13952
13968
13981
13995
14005
14034
14041
14046
14057
14060
14074
14119
14160
14179
14198
14201
14205
14238
14275
14286
14288
14320
14351
14391
14411
14419
14428
14434
14444
14464
14470
14476
14484
14494
14502
14538
14541
14542
14584
14601
14607
14623
14645
14681
14682
14697
14703
14704
14756
14757
14761
14778
14783
14794
14795
14800
14807
14813
14870
14888
14890
14892
14903
14915
14931
14932
14944
14953
14954
14972
14977
14982
14983
14991
15000
15002
15003
15025
15028
15047
15054
15066
15078
15081
15092
15093
15128
15139
15141
15144
15149
15159
15170
15175
15179
15189
15194
15204
15222
15245
15254
15259
15281
15284
15296
15297
15303
15367
15382
15388
15399
15434
15435
15441
15446
15459
15499
15599
15611
15612
15614
15635
15651
15681
15700
15704
15711
15716
15730
15732
15764
15778
15799
15840
15842
15843
15877
15912
15920
15930
15936
15940
15956
15966
15987
16034
16035
16045
16047
16052
16069
16077
16086
16087
16097
16107
16116
16118
16136
16139
16144
16150
16154
16159
16173
16178
16196
16200
16203
16204
16208
16226
16237
16260
16266
16276
16290
16313
16319
16331
16335
16340
16365
16367
16370
16373
16391
16395
16400
16449
16458
16460
16461
16465
16499
16507
16518
16522
16565
16566
16568
16578
16605
16629
16640
16663
16665
16680
16713
16719
16760
16797
16815
16816
16822
16836
16866
16875
16886
16912
16920
16926
16940
16953
16967
16976
16984
17011
17017
17021
17025
17054
17062
17087
17090
17133
17138
17144
17153
17159
17180
17219
17241
17242
17247
17272
17296
17306
17317
17328
17329
17334
17349
17358
17363
17368
17377
17394
17403
17415
17425
17433
17435
17445
17453
17511
17518
17578
17581
17585
17587
17592
17630
17634
17651
17662
17663
17684
17693
17695
17696
17710
17718
17721
17761
17800
17809
17816
17828
17833
17837
17838
17839
17862
17898
17900
17924
17945
17968
17969
17974
17978
17981
17984
17985
18011
18036
18037
18038
18041
18049
18057
18067
18073
18111
18131
18140
18162
18166
18170
18176
18191
18193
18202
18206
18253
18280
18281
18284
18286
18291
18292
18295
18298
18321
18345
18380
18400
18413
18453
18473
18499
18501
18516
18527
18540
18541
18549
18550
18551
18559
18572
18585
18587
18644
18649
18654
18664
18725
18731
18754
18762
18772
18793
18835
18836
18837
18841
18842
18856
18871
18883
18897
18906
18944
18952
18957
18980
18984
18985
18988
19003
19006
19064
19069
19074
19085
19105
19106
19139
19147
19151
19156
19181
19186
19235
19243
19252
19263
19268
19305
19312
19321
19325
19340
19342
19343
19345
19357
19359
19360
19378
19380
19391
19393
19398
19411
19424
19482
19491
19492
19555
19592
19594
19597
19602
19607
19617
19637
19643
19645
19650
19658
19667
19673
19685
19687
19689
19692
19696
19697
19705
19708
19714
19741
19749
19750
19755
19763
19764
19765
19767
19769
19774
19778
19818
19824
19825
19867
19868
19876
19879
19881
19890
19895
19905
19912
19918
19919
19921
19943
19967
19971
19982
20031
20044
20068
20091
20094
20096
20118
20123
20139
20220
20242
20244
20245
20247
20267
20268
20269
20293
20295
20298
20321
20322
20343
20349
20352
20356
20422
20427
20437
20461
20463
20479
20501
20503
20524
20525
20557
20569
20584
20589
20607
20613
20638
20639
20659
20670
20697
20700
20714
20716
20719
20720
20724
20735
20747
20777
20781
20795
20797
20802
20809
20817
20821
20826
20829
20838
20846
20848
20871
20884
20887
20903
20923
20927
20943
20945
20955
20987
21034
21046
21052
21096
21101
21161
21173
21184
21198
21217
21248
21254
21256
21274
21277
21284
21304
21328
21375
21376
21377
21382
21385
21386
21417
21429
21467
21469
21474
21486
21492
21526
21529
21532
21536
21544
21565
21605
21617
21659
21660
21689
21698
21700
21726
21738
21758
21794
21816
21819
21820
21822
21823
21847
21873
21879
21915
21916
21919
21920
21932
21947
21978
22014
22044
22047
22084
22114
22152
22155
22159
22199
22212
22222
22257
22261
22277
22290
22292
22301
22312
22362
22367
22370
22394
22398
22429
22434
22445
22447
22457
22465
22467
22476
22513
22555
22579
22582
22591
22592
22602
22605
22636
22647
22662
22669
22670
22682
22683
22710
22711
22713
22714
22720
22753
22755
22779
22804
22829
22837
22858
22886
22909
22918
22926
22940
22950
22956
22968
22980
23024
23050
23061
23088
23137
23148
23149
23155
23177
23180
23181
23193
23202
23207
23245
23263
23275
23288
23300
23334
23371
23375
23412
23433
23462
23484
23502
23503
23514
23517
23521
23551
23555
23577
23604
23635
23657
23695
23701
23703
23716
23731
23733
23754
23815
23818
23822
23833
23859
23867
23869
23882
23901
23906
23914
23915
23920
23931
23945
23946
23962
23986
24013
24031
24076
24097
24150
24153
24171
24172
24174
24179
24188
24202
24205
24223
24224
24228
24240
24241
24263
24264
24270
24277
24311
24320
24324
24360
24369
24377
24384
24413
24427
24451
24463
24469
24471
24492
24496
24501
24517
24526
24529
24567
24592
24621
24624
24636
24643
24651
24652
24659
24673
24685
24692
24711
24713
24725
24728
24755
24779
24785
24787
24791
24798
24809
24818
24830
24838
24841
24843
24846
24883
24891
24893
24896
24900
24906
24918
24932
24933
24940
24943
24944
24945
24991
25005
25007
25009
25027
25041
25051
25057
25063
25064
25068
25078
25092
25129
25142
25187
25207
25209
25210
25212
25230
25241
25251
25257
25262
25270
25273
25293
25295
25329
25336
25338
25342
25352
25354
25368
25390
25392
25406
25409
25411
25412
25418
25420
25485
25490
25493
25518
25519
25525
25526
25533
25535
25546
25552
25555
25592
25595
25621
25630
25631
25634
25642
25643
25644
25657
25678
25680
25694
25714
25731
25750
25777
25787
25815
25818
25820
25824
25840
25844
25846
25848
25851
25870
25885
25919
25920
25928
25935
25938
25961
25966
25971
26008
26014
26034
26037
26060
26062
26080
26085
26095
26103
26105
26106
26108
26118
26122
26127
26157
26159
26168
26174
26175
26181
26182
26190
26220
26225
26230
26234
26277
26283
26289
26307
26363
26384
26387
26403
26419
26420
26423
26454
26474
26488
26503
26508
26512
26528
26532
26543
26544
26553
26560
26583
26589
26598
26599
26614
26648
26649
26651
26654
26661
26666
26683
26706
26735
26753
26780
26784
26789
26800
26805
26807
26809
26819
26820
26821
26830
26832
26838
26846
26847
26849
26856
26864
26872
26878
26879
26881
26887
26895
26898
26899
26913
26920
26926
26945
26956
26976
26979
27002
27005
27026
27027
27028
27058
27064
27074
27076
27077
27100
27141
27145
27153
27154
27160
27199
27200
27212
27220
27226
27233
27234
27238
27241
27271
27298
27327
27344
27374
27410
27422
27424
27436
27444
27495
27499
27509
27513
27515
27533
27538
27543
27544
27546
27573
27585
27604
27616
27620
27629
27638
27649
27658
27660
27669
27686
27700
27709
27711
27716
27722
27734
27740
27748
27750
27753
27761
27779
27792
27796
27803
27807
27824
27841
27845
27859
27867
27882
27906
27931
27942
27945
27955
27959
27969
27974
27987
27990
28005
28023
28025
28029
28051
28078
28082
28093
28097
28105
28108
28116
28167
28177
28200
28201
28209
28213
28229
28246
28266
28292
28298
28319
28334
28370
28376
28395
28406
28412
28413
28433
28446
28448
28456
28506
28534
28545
28559
28562
28563
28564
28565
28577
28580
28587
28597
28614
28615
28620
28646
28650
28653
28677
28678
28700
28710
28721
28726
28738
28751
28754
28756
28758
28762
28763
28777
28787
28792
28793
28796
28800
28819
28838
28839
28844
28854
28873
28878
28880
28899
28900
28902
28913
28918
28923
28931
28969
28977
28979
28993
29002
29060
29064
29073
29093
29094
29097
29102
29116
29124
29126
29155
29166
29179
29197
29215
29225
29231
29265
29316
29318
29320
29339
29370
29384
29386
29398
29410
29420
29440
29442
29452
29453
29455
29456
29469
29470
29474
29493
29526
29527
29532
29540
29549
29557
29566
29569
29572
29574
29576
29580
29583
29584
29590
29619
29626
29643
29673
29690
29692
29707
29709
29718
29726
29751
29762
29817
29836
29840
29870
29871
29913
29928
29945
29946
29994
30005
30019
30032
30055
30057
30062
30066
30068
30089
30104
30119
30131
30135
30148
30150
30165
30180
30186
30194
30198
30203
30210
30213
30221
30257
30274
30275
30276
30288
30290
30306
30312
30379
30390
30403
30439
30451
30460
30533
30541
30549
30559
30566
30567
30591
30597
30601
30622
30623
30636
30645
30664
30674
30680
30699
30700
30734
30761
30775
30789
30797
30829
30833
30836
30852
30854
30877
30886
30893
30894
30900
30930
30936
30956
30957
30959
30971
30985
30991
31000
31003
31004
31005
31031
31059
31107
31109
31118
31120
31127
31145
31148
31150
31152
31171
31174
31175
31189
31215
31223
31227
31246
31284
31290
31291
31317
31322
31329
31352
31365
31370
31393
31416
31426
31430
31437
31443
31467
31489
31498
31530
31531
31555
31556
31563
31564
31574
31586
31587
31605
31627
31628
31646
31693
31703
31713
31718
31734
31783
31793
31803
31807
31827
31840
31860
31864
31910
31954
31986
31996
32005
32007
32027
32033
32039
32056
32062
32067
32069
32072
32073
32075
32080
32085
32091
32099
32101
32114
32145
32163
32170
32180
32198
32206
32233
32236
32249
32271
32285
32289
32296
32298
32302
32306
32363
32364
32392
32402
32403
32438
32444
32446
32481
32487
32495
32508
32520
32523
32540
32543
32545
32582
32585
32602
32609
32615
32623
32629
32632
32665
32684
32700
32702
32715
32722
32730
32767
32778
32790
32801
32812
32822
32824
32851
32859
32861
32875
32880
32889
32892
32906
32911
32915
32930
32935
32945
32957
32979
32988
32991
32998
33010
33036
33042
33065
33066
33068
33074
33087
33099
33102
33103
33115
33117
33134
33139
33145
33152
33157
33177
33212
33229
33230
33244
33252
33266
33269
33272
33277
33283
33308
33312
33319
33329
33354
33374
33378
33404
33407
33425
33433
33434
33446
33459
33460
33464
33468
33471
33486
33497
33519
33555
33556
33585
33589
33590
33602
33621
33629
33630
33661
33676
33681
33688
33716
33723
33734
33735
33743
33752
33756
33764
33771
33775
33788
33792
33828
33829
33836
33857
33863
33885
33900
33917
33978
33987
33990
33992
33999
34002
34025
34031
34034
34036
34041
34091
34092
34096
34109
34116
34149
34174
34213
34214
34227
34232
34245
34273
34274
34285
34303
34310
34311
34312
34316
34336
34357
34389
34390
34393
34405
34412
34417
34418
34419
34444
34452
34453
34470
34472
34476
34479
34482
34490
34492
34494
34503
34517
34552
34554
34575
34580
34614
34632
34675
34682
34729
34732
34736
34737
34739
34748
34753
34779
34780
34785
34787
34793
34799
34806
34807
34817
34834
34842
34844
34862
34865
34948
34958
34968
34973
34981
34984
35007
35019
35041
35055
35060
35068
35079
35088
35089
35115
35133
35150
35174
35180
35184
35203
35210
35231
35239
35245
35251
35253
35262
35265
35269
35271
35272
35284
35291
35301
35315
35316
35318
35320
35327
35362
35369
35373
35392
35393
35421
35437
35445
35452
35460
35479
35509
35512
35515
35517
35522
35528
35530
35543
35602
35620
35622
35623
35636
35648
35653
35658
35665
35674
35691
35703
35716
35736
35748
35749
35800
35805
35831
35832
35833
35844
35872
35875
35879
35895
35911
35912
35927
35933
35941
35944
35963
35983
36027
36064
36065
36072
36079
36097
36111
36112
36116
36118
36119
36123
36125
36142
36193
36198
36201
36203
36204
36205
36216
36218
36293
36305
36319
36320
36326
36329
36354
36360
36366
36367
36377
36387
36404
36426
36435
36442
36451
36466
36478
36479
36490
36495
36539
36557
36575
36603
36608
36613
36615
36625
36652
36686
36692
36706
36708
36715
36729
36735
36737
36740
36753
36758
36764
36772
36773
36820
36874
36881
36894
36910
36914
36916
36917
36920
36922
36925
36934
36947
36957
36961
36968
36982
37020
37046
37053
37054
37058
37059
37077
37088
37099
37135
37139
37144
37169
37174
37177
37200
37203
37204
37207
37230
37233
37236
37251
37260
37271
37275
37284
37285
37297
37298
37371
37382
37383
37388
37390
37410
37427
37433
37452
37486
37488
37507
37510
37540
37555
37557
37568
37589
37595
37603
37615
37618
37619
37624
37643
37649
37665
37697
37707
37710
37762
37778
37780
37784
37786
37794
37800
37807
37841
37842
37858
37950
37951
37973
37985
37990
37993
37995
38007
38036
38037
38041
38044
38071
38078
38095
38118
38122
38136
38137
38165
38168
38209
38218
38230
38234
38236
38257
38258
38260
38270
38284
38295
38321
38334
38337
38351
38352
38363
38366
38378
38382
38398
38399
38402
38403
38406
38416
38447
38469
38479
38482
38484
38495
38535
38536
38595
38604
38607
38610
38611
38618
38629
38638
38639
38642
38645
38674
38676
38683
38684
38711
38717
38721
38728
38754
38755
38762
38790
38802
38809
38832
38836
38837
38868
38877
38905
38919
38922
38957
38963
38975
38979
39012
39016
39022
39036
39077
39083
39099
39101
39103
39126
39144
39152
39154
39165
39183
39198
39207
39220
39222
39229
39243
39244
39295
39342
39355
39377
39379
39406
39414
39420
39422
39434
39446
39461
39465
39492
39500
39502
39504
39508
39512
39534
39567
39574
39612
39622
39676
39704
39707
39733
39734
39775
39783
39791
39797
39798
39799
39806
39809
39823
39830
39896
39930
39951
39957
39963
39985
40000
40004
40011
40019
40068
40084
40095
40104
40131
40175
40177
40205
40212
40214
40230
40233
40235
40236
40248
40259
40263
40269
40273
40293
40331
40342
40345
40367
40369
40376
40387
40413
40415
40460
40475
40500
40502
40528
40535
40569
40606
40607
40609
40616
40623
40628
40634
40635
40672
40673
40684
40685
40712
40723
40724
40725
40740
40744
40749
40759
40760
40773
40775
40797
40830
40857
40872
40896
40900
40911
40915
40929
40963
41012
41014
41034
41063
41078
41080
41095
41115
41116
41119
41165
41167
41182
41184
41217
41249
41271
41277
41302
41303
41304
41317
41369
41376
41381
41388
41391
41392
41395
41414
41440
41444
41456
41486
41492
41501
41512
41525
41529
41561
41583
41614
41653
41654
41677
41681
41682
41756
41773
41780
41796
41830
41845
41851
41853
41865
41875
41884
41894
41918
41927
41934
41953
41958
41963
41970
41977
42001
42005
42024
42041
42050
42068
42073
42080
42086
42090
42098
42105
42122
42133
42147
42149
42163
42164
42174
42185
42191
42204
42220
42229
42230
42237
42251
42271
42272
42340
42348
42356
42364
42389
42397
42404
42408
42413
42435
42447
42504
42535
42536
42569
42591
42607
42608
42616
42634
42636
42637
42641
42674
42685
42699
42705
42710
42714
42723
42728
42764
42766
42775
42787
42790
42837
42905
42907
42913
42926
42965
42969
42981
42986
43025
43038
43039
43114
43118
43120
43121
43123
43126
43131
43133
43134
43157
43159
43169
43171
43172
43187
43253
43261
43268
43269
43290
43299
43318
43323
43326
43348
43349
43366
43390
43392
43398
43400
43416
43423
43428
43432
43440
43444
43456
43488
43514
43519
43565
43580
43593
43616
43617
43624
43714
43715
43726
43788
43873
